1 0 1 1 1 01 50 ns 0000001 0000001 0000001 true
0 0 1 1 1 01 50 ns 0000001 0000001 0000001 true
1 0 1 0 1 01 50 ns 0000001 0000001 0000001 true
0 0 1 0 1 01 50 ns 0000001 0000001 0000001 true
1 0 1 1 1 01 50 ns 0000001 0000001 0000001 true
0 0 1 1 1 01 50 ns 0000001 0000001 0000001 true
1 0 1 1 1 01 50 ns 0000001 0000001 0000001 true
0 0 1 1 1 01 50 ns 0000001 0000001 0000001 true
1 0 1 1 1 01 50 ns 0000001 0000001 0000001 true
0 0 1 1 1 01 50 ns 0000001 0000001 0000001 true
1 0 0 1 1 01 50 ns 0000001 0000001 0000001 true
0 0 0 1 1 01 50 ns 0000001 0000001 0000001 true
1 0 1 1 1 01 50 ns 0000001 0000001 0000001 true
0 0 1 1 1 01 50 ns 0000001 0000001 0000001 true
1 0 1 1 1 01 50 ns 0000001 0000001 0000001 true
0 0 1 1 1 01 50 ns 0000001 0000001 0000001 true
1 0 1 1 1 01 50 ns 1001111 0000001 0000110 true
0 0 1 1 1 01 50 ns 1001111 0000001 0000110 true
1 0 1 1 1 01 50 ns 1001111 0000001 0000110 true
0 0 1 1 1 01 50 ns 1001111 0000001 0000110 true